47	8	2	0	23-12-13
13	8	1	1	23-12-13
47	8	1	2	23-12-13
13	8	2	2	23-12-13
47	10	2	0	23-12-13
10	10	1	0	23-12-13
47	10	1	1	23-12-13
13	10	1	2	23-12-13
50	10	1	0	23-12-13
19	10	1	2	23-12-13
26	10	1	2	23-12-13
10	11	1	0	23-12-13
13	11	1	2	23-12-13
19	11	1	2	23-12-13
19	11	2	2	23-12-13
26	11	1	2	23-12-13
3	11	1	2	23-12-13
26	11	2	0	23-12-13
3	11	2	1	23-12-13
47	11	1	1	23-12-13
19	14	3	2	23-12-13
19	14	1	2	23-12-13
19	14	2	1	23-12-13
47	14	1	1	23-12-13
50	14	1	1	23-12-13
26	14	1	1	23-12-13
50	14	2	1	23-12-13
38	15	1	1	23-12-13
47	15	1	2	23-12-13
